171
108
83
84
167
70
69
66
65
153
87
93
92
96
165
104
114
113
115
116
117
118
119
122
162
123
101
100
102
120
121
146
145
144
147
137
136
129
128
130
135
138
139
140
132
133
134
141
6
7
8
14
13
17
39
45
46
47
48
52
58
57
62
61
68
67
85
86
166
107
106
105
97
103
163
99
98
95
94
154
89
88
90
91
164
131
127
126
125
124
148
149
161
152
143
142
112
111
0
73
170
168
82
79
80
81
77
78
72
71
60
63
64
56
55
54
53
43
44
40
34
35
36
157
33
31
158
32
29
30
28
27
26
23
24
15
159
16
21
10
76
74
19
37
38
156
155
41
42
51
59
50
49
75
11
12
18
20
22
25
150
160
151
9
2
1
3
4
5
169
110
109
