358
67
55
4
44
40
10
27
16
17
13
3
164
218
321
260
64
34
9
166
35
18
329
79
36
29
337
91
37
28
24
41
205
137
45
25
12
48
11
15
284
6
81
246
56
145
7
23
209
49
5
97
208
63
19
20
22
78
98
104
114
124
148
135
39
21
69
305
180
47
95
51
131
116
52
171
53
59
125
146
66
14
249
0
1
58
243
68
297
99
70
26
112
103
72
172
176
183
184
214
76
196
118
223
77
42
198
80
106
181
328
61
86
165
245
88
123
120
89
192
248
90
285
92
275
191
204
230
276
182
207
93
32
31
117
333
87
83
119
267
75
212
347
288
122
303
200
126
202
102
210
265
226
127
73
62
128
293
197
129
54
185
57
304
130
111
101
132
316
224
134
82
253
136
85
84
33
259
173
270
290
138
38
139
271
310
140
110
287
142
109
96
144
107
94
153
65
168
154
43
215
308
100
50
315
319
257
155
115
292
156
30
193
157
105
158
149
241
189
342
282
274
159
121
291
161
152
335
147
162
133
143
163
2
247
151
349
141
167
8
71
213
169
348
170
313
174
46
108
195
175
307
258
177
150
216
178
320
299
179
356
331
186
346
312
206
238
268
187
188
211
262
332
272
190
74
352
281
324
279
338
251
194
278
273
203
160
269
217
201
277
302
301
296
311
340
317
219
322
343
314
220
250
113
60
344
325
350
300
221
199
244
289
222
309
334
225
294
298
280
227
295
261
242
306
336
327
326
323
351
228
330
318
229
354
231
353
232
341
355
357
233
234
235
236
237
345
239
240
252
254
255
256
263
264
266
283
286
339
