171
119
120
121
122
123
162
102
103
117
118
124
129
128
130
131
113
164
127
126
125
136
137
138
135
139
140
6
7
8
9
10
76
74
75
11
12
18
19
20
21
22
16
26
27
28
29
30
31
33
34
156
40
39
38
37
170
168
73
77
1
2
0
81
80
79
82
78
72
71
60
50
51
52
53
43
55
54
58
59
61
68
67
167
70
87
85
86
83
84
69
66
63
64
56
57
62
65
88
153
154
89
90
91
94
96
97
99
98
95
92
93
166
108
107
106
105
165
163
100
101
104
110
109
114
115
116
146
145
144
143
147
148
149
161
160
151
152
142
141
132
112
169
111
3
4
5
133
134
14
13
17
32
158
36
157
41
155
42
45
44
46
47
48
49
35
23
24
25
150
15
159
