358
126
202
13
3
164
218
321
260
55
4
44
40
10
27
16
17
120
34
9
166
35
18
329
64
36
29
337
91
37
28
24
41
205
137
45
25
12
48
11
15
284
6
81
246
56
145
7
23
209
49
5
97
208
63
19
20
22
78
98
104
114
124
148
135
39
21
69
305
180
47
79
51
67
95
52
171
53
59
125
116
66
14
249
0
1
58
243
68
297
99
70
26
112
103
72
172
146
76
196
118
183
176
184
214
77
42
198
80
106
181
328
61
86
165
223
88
123
285
89
192
248
90
347
83
92
275
191
204
230
276
182
207
93
32
31
117
333
87
288
119
267
75
212
224
122
303
200
127
131
245
128
293
102
210
265
226
129
54
185
57
197
130
111
101
132
316
94
134
82
253
136
85
84
33
259
173
352
290
138
38
139
271
310
140
110
304
142
109
96
144
107
193
153
65
168
154
43
215
308
100
50
315
319
257
155
115
292
156
30
289
157
105
158
149
241
189
342
282
274
159
121
287
161
152
335
147
162
133
143
163
2
247
151
349
141
167
8
62
169
348
170
313
174
46
108
195
175
307
258
177
150
216
178
320
299
179
356
331
186
346
312
206
238
268
187
188
291
190
73
280
194
74
270
281
324
262
332
272
203
278
213
217
201
251
219
322
296
301
340
311
343
273
220
250
113
269
221
199
71
277
302
317
222
309
314
225
294
211
279
338
325
350
300
227
344
334
228
327
60
295
261
242
306
336
244
326
323
351
229
160
330
318
231
354
232
298
353
233
355
357
234
341
235
236
237
345
239
240
252
254
255
256
263
264
266
283
286
339
